[(-1, 2), (0, 0.5), (1, 2)] 0.62 
[(-1, 2), (0, 0.5), (1, 2)] 0.6666666666666666 
[(-1, 2), (0, 0.5), (1, 2)] 0.625 
[(-1, 2), (0, 0.5), (1, 2)] 0.624 
[(-1, 2), (0, 0.5), (1, 2)] 0.6566666666666666 
[(-1, 2), (0, 0.5), (1, 2)] 0.6228571428571429 
[(-1, 2), (0, 0.5), (1, 2)] 0.615 
[(-1, 2), (0, 0.5), (1, 2)] 0.6933333333333334 
[(-1, 2), (0, 0.5), (1, 2)] 0.632 
[(-1, 2), (0, 0.5), (1, 2)] 0.6927272727272727 
[(-1, 2), (0, 0.5), (1, 2)] 0.6566666666666666 
[(-1, 2), (0, 0.5), (1, 2)] 0.6476923076923077 
[(-1, 2), (0, 0.5), (1, 2)] 0.62 
[(-1, 2), (0, 0.5), (1, 2)] 0.6093333333333333 
[(-1, 2), (0, 0.5), (1, 2)] 0.66 
[(-1, 2), (0, 0.5), (1, 2)] 0.66 
[(-1, 2), (0, 0.5), (1, 2)] 0.61 
[(-1, 2), (0, 0.5), (1, 2)] 0.672 
[(-1, 2), (0, 0.5), (1, 2)] 0.66 
[(-1, 2), (0, 0.5), (1, 2)] 0.6714285714285714 
[(-1, 2), (0, 0.5), (1, 2)] 0.6775 
[(-1, 2), (0, 0.5), (1, 2)] 0.6777777777777778 
[(-1, 2), (0, 0.5), (1, 2)] 0.698 
[(-1, 2), (0, 0.5), (1, 2)] 0.6945454545454546 
[(-1, 2), (0, 0.5), (1, 2)] 0.6933333333333334 
[(-1, 2), (0, 0.5), (1, 2)] 0.6876923076923077 
[(-1, 2), (0, 0.5), (1, 2)] 0.6485714285714286 
[(-1, 2), (0, 0.5), (1, 2)] 0.6613333333333333 
[(-1, 2), (0, 0.5), (1, 2)] 0.695 
[(-1, 2), (0, 0.5), (1, 2)] 0.5988235294117648 
[(-1, 2), (0, 0.5), (1, 2)] 0.6555555555555556 
[(-1, 2), (0, 0.5), (1, 2)] 0.6410526315789473 
[(-1, 2), (0, 0.5), (1, 2)] 0.668 
[(-1, 2), (0, 0.5), (1, 2)] 0.699047619047619 
[(-1, 2), (0, 0.5), (1, 2)] 0.6845454545454546 
[(-1, 2), (0, 0.5), (1, 2)] 0.6704347826086956 
[(-1, 2), (0, 0.5), (1, 2)] 0.6675 
[(-1, 2), (0, 0.5), (1, 2)] 0.6296 
[(-1, 2), (0, 0.5), (1, 2)] 0.6953846153846154 
[(-1, 2), (0, 0.5), (1, 2)] 0.6851851851851852 
[(-1, 2), (0, 0.5), (1, 2)] 0.6728571428571428 
[(-1, 2), (0, 0.5), (1, 2)] 0.643448275862069 
[(-1, 2), (0, 0.5), (1, 2)] 0.674 
[(-1, 2), (0, 0.5), (1, 2)] 0.6825806451612904 
[(-1, 2), (0, 0.5), (1, 2)] 0.671875 
[(-1, 2), (0, 0.5), (1, 2)] 0.6303030303030303 
[(-1, 2), (0, 0.5), (1, 2)] 0.6611764705882353 
[(-1, 2), (0, 0.5), (1, 2)] 0.64 
[(-1, 2), (0, 0.5), (1, 2)] 0.7 
[(-1, 2), (0, 0.5), (1, 2)] 0.66 
[(0, 2), (1, 0.5), (2, 2)] 0.7579957356076759 
[(1, 2), (2, 0.5), (3, 2)] 0.7579957356076759 
[(2, 2), (3, 0.5), (4, 2)] 0.7579957356076759 
[(3, 2), (4, 0.5), (5, 2)] 0.7579957356076759 
[(4, 2), (5, 0.5), (6, 2)] 0.7798507462686567 
[(7, 2), (8, 0.5), (9, 2)] 0.8022447888829503 
[(0, 2), (1, 0.5), (2, 2)] 0.8305718866916088 
[(1, 2), (2, 0.5), (3, 2)] 0.7990379476215927 
[(2, 2), (3, 0.5), (4, 2)] 0.7910208444681989 
[(3, 2), (4, 0.5), (5, 2)] 0.7990379476215927 
[(4, 2), (5, 0.5), (6, 2)] 0.7990379476215927 
[(5, 2), (6, 0.5), (7, 2)] 0.7573490112239444 
[(6, 2), (7, 0.5), (8, 2)] 0.7755211117049706 
[(7, 2), (8, 0.5), (9, 2)] 0.7696419027258151 
[(8, 2), (9, 0.5), (10, 2)] 0.7300908605024051 
[(9, 2), (10, 0.5), (11, 2)] 0.7466595403527525 
[(10, 2), (11, 0.5), (12, 2)] 0.564404061998931 
[(11, 2), (12, 0.5), (13, 2)] 0.6675574559059326 
[(12, 2), (13, 0.5), (14, 2)] 0.3099946552645644 
[(13, 2), (14, 0.5), (15, 2)] 0.36771779796900056 
[(14, 2), (15, 0.5), (16, 2)] 0.6878674505611972 
[(15, 2), (16, 0.5), (17, 2)] 0.6269374665954035 
[(16, 2), (17, 0.5), (18, 2)] 0.4922501336183859 
[(17, 2), (18, 0.5), (19, 2)] 0.5227151256012827 
[(18, 2), (19, 0.5), (20, 2)] 0.6146445750935329 
[(7, 2), (8, 0.5), (9, 2)] 0.672367717797969 
[(7, 2), (8, 0.5), (9, 2)] 0.74 
[(7, 2), (8, 0.5), (9, 2)] 0.7251908396946565 
[(7, 2), (8, 0.5), (9, 2)] 0.7735849056603774 
[(7, 2), (8, 0.5), (9, 2)] 0.7700534759358288 
[(7, 2), (8, 0.5), (9, 2)] 0.7743362831858407 
[(7, 2), (8, 0.5), (9, 2)] 0.7945736434108527 
[(7, 2), (8, 0.5), (9, 2)] 0.7942238267148014 
[(7, 2), (8, 0.5), (9, 2)] 0.8115015974440895 
[(7, 2), (8, 0.5), (9, 2)] 0.8078078078078078 
[(7, 2), (8, 0.5), (9, 2)] 0.811965811965812 
[(7, 2), (8, 0.5), (9, 2)] 0.8201634877384196 
[(7, 2), (8, 0.5), (9, 2)] 0.8242894056847545 
[(7, 2), (8, 0.5), (9, 2)] 0.8316831683168316 
[(7, 2), (8, 0.5), (9, 2)] 0.8388625592417062 
[(7, 2), (8, 0.5), (9, 2)] 0.8465011286681715 
[(7, 2), (8, 0.5), (9, 2)] 0.8326086956521739 
[(7, 2), (8, 0.5), (9, 2)] 0.8298755186721992 
[(7, 2), (8, 0.5), (9, 2)] 0.8359683794466403 
[(7, 2), (8, 0.5), (9, 2)] 0.8295454545454546 
[(7, 2), (8, 0.5), (9, 2)] 0.8504504504504504 
[(7, 2), (8, 0.5), (9, 2)] 0.8554006968641115 
[(7, 2), (8, 0.5), (9, 2)] 0.8835616438356164 
[(7, 2), (8, 0.5), (9, 2)] 0.8543046357615894 
[(7, 2), (8, 0.5), (9, 2)] 0.8605388272583201 
[(7, 2), (8, 0.5), (9, 2)] 0.8094512195121951 
[(7, 2), (8, 0.5), (9, 2)] 0.39 
[(7, 2), (8, 0.5), (9, 2)] 0.6 
[(7, 2), (8, 0.5), (9, 2)] 0.205 
[(7, 2), (8, 0.5), (9, 2)] 0.476 
[(7, 2), (8, 0.5), (9, 2)] 0.79 
[(7, 2), (8, 0.5), (9, 2)] 0.46 
[(7, 2), (8, 0.5), (9, 2)] 0.53 
[(7, 2), (8, 0.5), (9, 2)] 0.6266666666666667 
[(7, 2), (8, 0.5), (9, 2)] 0.442 
[(7, 2), (8, 0.5), (9, 2)] 0.6545454545454545 
[(7, 2), (8, 0.5), (9, 2)] 0.6116666666666667 
[(7, 2), (8, 0.5), (9, 2)] 0.6092307692307692 
[(7, 2), (8, 0.5), (9, 2)] 0.7257142857142858 
[(7, 2), (8, 0.5), (9, 2)] 0.6373333333333333 
[(7, 2), (8, 0.5), (9, 2)] 0.71 
[(7, 2), (8, 0.5), (9, 2)] 0.6847058823529412 
[(7, 2), (8, 0.5), (9, 2)] 0.4722222222222222 
[(7, 2), (8, 0.5), (9, 2)] 0.5715789473684211 
[(7, 2), (8, 0.5), (9, 2)] 0.469 
[(7, 2), (8, 0.5), (9, 2)] 0.43047619047619046 
[(7, 2), (8, 0.5), (9, 2)] 0.43636363636363634 
[(7, 2), (8, 0.5), (9, 2)] 0.5313043478260869 
[(7, 2), (8, 0.5), (9, 2)] 0.5583333333333333 
[(7, 2), (8, 0.5), (9, 2)] 0.4992 
[(7, 2), (8, 0.5), (9, 2)] 0.5769230769230769 
[(7, 2), (8, 0.5), (9, 2)] 0.5237037037037037 
[(7, 2), (8, 0.5), (9, 2)] 0.6228571428571429 
[(7, 2), (8, 0.5), (9, 2)] 1.0 
[(7, 2), (8, 0.5), (9, 2)] 0.39 
[(7, 2), (8, 0.5), (9, 2)] 0.6 
[(7, 2), (8, 0.5), (9, 2)] 0.205 
[(7, 2), (8, 0.5), (9, 2)] 0.476 
[(7, 2), (8, 0.5), (9, 2)] 0.79 
[(7, 2), (8, 0.5), (9, 2)] 0.46 
[(7, 2), (8, 0.5), (9, 2)] 0.53 
[(7, 2), (8, 0.5), (9, 2)] 0.6266666666666667 
[(7, 2), (8, 0.5), (9, 2)] 0.442 
[(7, 2), (8, 0.5), (9, 2)] 0.6545454545454545 
[(7, 2), (8, 0.5), (9, 2)] 0.6116666666666667 
[(7, 2), (8, 0.5), (9, 2)] 0.6092307692307692 
[(7, 2), (8, 0.5), (9, 2)] 0.7257142857142858 
[(7, 2), (8, 0.5), (9, 2)] 0.6373333333333333 
[(7, 2), (8, 0.5), (9, 2)] 0.71 
[(7, 2), (8, 0.5), (9, 2)] 0.6847058823529412 
[(7, 2), (8, 0.5), (9, 2)] 0.4722222222222222 
[(7, 2), (8, 0.5), (9, 2)] 0.5715789473684211 
[(7, 2), (8, 0.5), (9, 2)] 0.469 
[(7, 2), (8, 0.5), (9, 2)] 0.43047619047619046 
[(7, 2), (8, 0.5), (9, 2)] 0.43636363636363634 
[(7, 2), (8, 0.5), (9, 2)] 0.5313043478260869 
[(7, 2), (8, 0.5), (9, 2)] 0.5583333333333333 
[(7, 2), (8, 0.5), (9, 2)] 0.4992 
[(7, 2), (8, 0.5), (9, 2)] 0.5769230769230769 
[(7, 2), (8, 0.5), (9, 2)] 0.5237037037037037 
[(7, 2), (8, 0.5), (9, 2)] 0.6228571428571429 
[(7, 2), (8, 0.5), (9, 2)] 1.0 
[(7, 2), (8, 0.5), (9, 2)] 0.95 
[(7, 2), (8, 0.5), (9, 2)] 0.7466666666666667 
[(7, 2), (8, 0.5), (9, 2)] 0.89 
[(7, 2), (8, 0.5), (9, 2)] 0.728 
[(7, 2), (8, 0.5), (9, 2)] 0.7 
[(7, 2), (8, 0.5), (9, 2)] 0.9942857142857143 
[(7, 2), (8, 0.5), (9, 2)] 0.1325 
[(7, 2), (8, 0.5), (9, 2)] 0.14222222222222222 
[(7, 2), (8, 0.5), (9, 2)] 0.06 
[(7, 2), (8, 0.5), (9, 2)] 0.07636363636363637 
[(7, 2), (8, 0.5), (9, 2)] 0.49166666666666664 
[(7, 2), (8, 0.5), (9, 2)] 0.4646153846153846 
[(7, 2), (8, 0.5), (9, 2)] 0.5642857142857143 
[(7, 2), (8, 0.5), (9, 2)] 0.5906666666666667 
[(7, 2), (8, 0.5), (9, 2)] 0.6275 
[(7, 2), (8, 0.5), (9, 2)] 0.591764705882353 
[(7, 2), (8, 0.5), (9, 2)] 0.6055555555555555 
[(7, 2), (8, 0.5), (9, 2)] 0.6421052631578947 
[(7, 2), (8, 0.5), (9, 2)] 0.591 
[(7, 2), (8, 0.5), (9, 2)] 0.7095238095238096 
[(7, 2), (8, 0.5), (9, 2)] 0.7472727272727273 
[(7, 2), (8, 0.5), (9, 2)] 0.9452173913043478 
[(7, 2), (8, 0.5), (9, 2)] 0.9441666666666667 
[(7, 2), (8, 0.5), (9, 2)] 0.8544 
[(7, 2), (8, 0.5), (9, 2)] 0.8323076923076923 
[(7, 2), (8, 0.5), (9, 2)] 0.8955555555555555 
[(7, 2), (8, 0.5), (9, 2)] 0.8778571428571429 
[(7, 2), (8, 0.5), (9, 2)] 0.6289655172413793 
[(7, 2), (8, 0.5), (9, 2)] 0.6466666666666666 
[(7, 2), (8, 0.5), (9, 2)] 0.8032258064516129 
[(7, 2), (8, 0.5), (9, 2)] 0.80125 
[(7, 2), (8, 0.5), (9, 2)] 0.6854545454545454 
[(7, 2), (8, 0.5), (9, 2)] 0.65 
[(7, 2), (8, 0.5), (9, 2)] 0.6466666666666666 
[(7, 2), (8, 0.5), (9, 2)] 0.69 
[(7, 2), (8, 0.5), (9, 2)] 0.684 
[(7, 2), (8, 0.5), (9, 2)] 0.6466666666666666 
[(7, 2), (8, 0.5), (9, 2)] 0.6857142857142857 
[(7, 2), (8, 0.5), (9, 2)] 0.6775 
[(7, 2), (8, 0.5), (9, 2)] 0.6822222222222222 
[(7, 2), (8, 0.5), (9, 2)] 0.644 
[(7, 2), (8, 0.5), (9, 2)] 0.6763636363636364 
[(7, 2), (8, 0.5), (9, 2)] 0.69 
[(7, 2), (8, 0.5), (9, 2)] 0.6861538461538461 
[(7, 2), (8, 0.5), (9, 2)] 0.6457142857142857 
[(7, 2), (8, 0.5), (9, 2)] 0.6533333333333333 
[(7, 2), (8, 0.5), (9, 2)] 0.69625 
[(7, 2), (8, 0.5), (9, 2)] 0.5976470588235294 
[(7, 2), (8, 0.5), (9, 2)] 0.6733333333333333 
[(7, 2), (8, 0.5), (9, 2)] 0.6673684210526316 
[(7, 2), (8, 0.5), (9, 2)] 0.669 
[(7, 2), (8, 0.5), (9, 2)] 0.6733333333333333 
[(7, 2), (8, 0.5), (9, 2)] 0.6854545454545454 
[(7, 2), (8, 0.5), (9, 2)] 0.6843478260869565 
[(7, 2), (8, 0.5), (9, 2)] 0.6658333333333334 
[(7, 2), (8, 0.5), (9, 2)] 0.6312 
[(7, 2), (8, 0.5), (9, 2)] 0.696923076923077 
[(7, 2), (8, 0.5), (9, 2)] 0.6733333333333333 
[(7, 2), (8, 0.5), (9, 2)] 0.675 
[(7, 2), (8, 0.5), (9, 2)] 0.6337931034482759 
[(7, 2), (8, 0.5), (9, 2)] 0.672 
[(7, 2), (8, 0.5), (9, 2)] 0.6535483870967742 
[(7, 2), (8, 0.5), (9, 2)] 0.665 
[(7, 2), (8, 0.5), (9, 2)] 0.6303030303030303 
[(7, 2), (8, 0.5), (9, 2)] 0.6723529411764706 
[(7, 2), (8, 0.5), (9, 2)] 0.6291428571428571 
[(7, 2), (8, 0.5), (9, 2)] 0.6933333333333334 
[(7, 2), (8, 0.5), (9, 2)] 0.6156756756756757 
[(7, 2), (8, 0.5), (9, 2)] 0.6663157894736842 
[(7, 2), (8, 0.5), (9, 2)] 0.6471794871794871 
[(7, 2), (8, 0.5), (9, 2)] 0.671 
[(7, 2), (8, 0.5), (9, 2)] 0.69625 
--------------------------
[(0, 2), (1, 0.5), (2, 2)] 0.671 
[(1, 2), (2, 0.5), (3, 2)] 0.671 
[(2, 2), (3, 0.5), (4, 2)] 0.671 
[(3, 2), (4, 0.5), (5, 2)] 0.671 
[(4, 2), (5, 0.5), (6, 2)] 0.671 
[(5, 2), (6, 0.5), (7, 2)] 0.671 
[(6, 2), (7, 0.5), (8, 2)] 0.671 
[(7, 2), (8, 0.5), (9, 2)] 0.671 
[(8, 2), (9, 0.5), (10, 2)] 0.671 
[(9, 2), (10, 0.5), (11, 2)] 0.671 
[(10, 2), (11, 0.5), (12, 2)] 0.671 
[(11, 2), (12, 0.5), (13, 2)] 0.671 
[(12, 2), (13, 0.5), (14, 2)] 0.671 
[(13, 2), (14, 0.5), (15, 2)] 0.671 
[(14, 2), (15, 0.5), (16, 2)] 0.671 
[(15, 2), (16, 0.5), (17, 2)] 0.671 
[(16, 2), (17, 0.5), (18, 2)] 0.671 
[(17, 2), (18, 0.5), (19, 2)] 0.671 
[(18, 2), (19, 0.5), (20, 2)] 0.671 
--------------------------------ncr
[(0, 2), (1, 0.5), (2, 2)] 0.8305718866916088 
[(0, 2), (1, 0.5), (2, 2)] 0.672367717797969 
[(7, 2), (8, 0.5), (9, 2)] 0.672367717797969 
[(7, 2), (8, 0.5), (9, 2)] 0.83 
[(7, 2), (8, 0.5), (9, 2)] 0.8266666666666667 
[(7, 2), (8, 0.5), (9, 2)] 0.77 
[(7, 2), (8, 0.5), (9, 2)] 0.848 
[(7, 2), (8, 0.5), (9, 2)] 0.8166666666666667 
[(7, 2), (8, 0.5), (9, 2)] 0.8285714285714286 
[(7, 2), (8, 0.5), (9, 2)] 0.835 
[(7, 2), (8, 0.5), (9, 2)] 0.8355555555555556 
[(7, 2), (8, 0.5), (9, 2)] 0.83 
[(7, 2), (8, 0.5), (9, 2)] 0.8036363636363636 
[(7, 2), (8, 0.5), (9, 2)] 0.8316666666666667 
[(7, 2), (8, 0.5), (9, 2)] 0.8538461538461538 
[(7, 2), (8, 0.5), (9, 2)] 0.8171428571428572 
[(7, 2), (8, 0.5), (9, 2)] 0.8186666666666667 
[(7, 2), (8, 0.5), (9, 2)] 0.7275 
[(7, 2), (8, 0.5), (9, 2)] 0.7752941176470588 
[(7, 2), (8, 0.5), (9, 2)] 0.8144444444444444 
[(7, 2), (8, 0.5), (9, 2)] 0.7094736842105264 
[(7, 2), (8, 0.5), (9, 2)] 0.765 
[(7, 2), (8, 0.5), (9, 2)] 0.7952380952380952 
[(7, 2), (8, 0.5), (9, 2)] 0.8172727272727273 
[(7, 2), (8, 0.5), (9, 2)] 0.7347826086956522 
[(7, 2), (8, 0.5), (9, 2)] 0.8025 
[(7, 2), (8, 0.5), (9, 2)] 0.7072 
[(7, 2), (8, 0.5), (9, 2)] 0.71 
[(7, 2), (8, 0.5), (9, 2)] 0.6644444444444444 
[(7, 2), (8, 0.5), (9, 2)] 0.6535714285714286 
[(7, 2), (8, 0.5), (9, 2)] 0.6689655172413793 
[(7, 2), (8, 0.5), (9, 2)] 0.684 
[(7, 2), (8, 0.5), (9, 2)] 0.6593548387096774 
[(7, 2), (8, 0.5), (9, 2)] 0.698125 
[(7, 2), (8, 0.5), (9, 2)] 0.66 
[(7, 2), (8, 0.5), (9, 2)] 0.6717647058823529 
[(7, 2), (8, 0.5), (9, 2)] 0.6725714285714286 
[(7, 2), (8, 0.5), (9, 2)] 0.6444444444444445 
[(7, 2), (8, 0.5), (9, 2)] 0.6848648648648649 
[(7, 2), (8, 0.5), (9, 2)] 0.672367717797969 
[(7, 2), (8, 0.5), (9, 2)] 0.672367717797969 
[(7, 2), (8, 0.5), (9, 2)] 0.672367717797969 
[(0, 2), (1, 0.5), (2, 2)] 0.88 
[(1, 2), (2, 0.5), (3, 2)] 0.9 
[(2, 2), (3, 0.5), (4, 2)] 0.71 
[(3, 2), (4, 0.5), (5, 2)] 0.81 
[(4, 2), (5, 0.5), (6, 2)] 0.82 
[(5, 2), (6, 0.5), (7, 2)] 0.82 
[(6, 2), (7, 0.5), (8, 2)] 0.85 
[(7, 2), (8, 0.5), (9, 2)] 0.85 
[(8, 2), (9, 0.5), (10, 2)] 0.83 
[(9, 2), (10, 0.5), (11, 2)] 0.83 
[(10, 2), (11, 0.5), (12, 2)] 0.87 
[(11, 2), (12, 0.5), (13, 2)] 0.85 
[(12, 2), (13, 0.5), (14, 2)] 0.85 
[(13, 2), (14, 0.5), (15, 2)] 0.83 
[(14, 2), (15, 0.5), (16, 2)] 0.83 
[(15, 2), (16, 0.5), (17, 2)] 0.45 
[(16, 2), (17, 0.5), (18, 2)] 0.45 
[(17, 2), (18, 0.5), (19, 2)] 0.46 
[(18, 2), (19, 0.5), (20, 2)] 0.8 
[(0, 2), (1, 0.5), (2, 2)] 0.8333333333333334 
[(1, 2), (2, 0.5), (3, 2)] 0.8466666666666667 
[(2, 2), (3, 0.5), (4, 2)] 0.8 
[(3, 2), (4, 0.5), (5, 2)] 0.8733333333333333 
[(4, 2), (5, 0.5), (6, 2)] 0.8 
[(5, 2), (6, 0.5), (7, 2)] 0.8466666666666667 
[(6, 2), (7, 0.5), (8, 2)] 0.8333333333333334 
[(7, 2), (8, 0.5), (9, 2)] 0.82 
[(8, 2), (9, 0.5), (10, 2)] 0.8266666666666667 
[(9, 2), (10, 0.5), (11, 2)] 0.8333333333333334 
[(10, 2), (11, 0.5), (12, 2)] 0.86 
[(11, 2), (12, 0.5), (13, 2)] 0.86 
[(12, 2), (13, 0.5), (14, 2)] 0.86 
[(13, 2), (14, 0.5), (15, 2)] 0.8266666666666667 
[(14, 2), (15, 0.5), (16, 2)] 0.8266666666666667 
[(15, 2), (16, 0.5), (17, 2)] 0.52 
[(16, 2), (17, 0.5), (18, 2)] 0.8466666666666667 
[(17, 2), (18, 0.5), (19, 2)] 0.3333333333333333 
[(18, 2), (19, 0.5), (20, 2)] 0.3333333333333333 
[(0, 2), (1, 0.5), (2, 2)] 0.88 
[(1, 2), (2, 0.5), (3, 2)] 0.77 
[(2, 2), (3, 0.5), (4, 2)] 0.765 
[(3, 2), (4, 0.5), (5, 2)] 0.655 
[(4, 2), (5, 0.5), (6, 2)] 0.52 
[(5, 2), (6, 0.5), (7, 2)] 0.68 
[(6, 2), (7, 0.5), (8, 2)] 0.695 
[(7, 2), (8, 0.5), (9, 2)] 0.685 
[(8, 2), (9, 0.5), (10, 2)] 0.74 
[(9, 2), (10, 0.5), (11, 2)] 0.765 
[(10, 2), (11, 0.5), (12, 2)] 0.725 
[(11, 2), (12, 0.5), (13, 2)] 0.71 
[(12, 2), (13, 0.5), (14, 2)] 0.645 
[(13, 2), (14, 0.5), (15, 2)] 0.65 
[(14, 2), (15, 0.5), (16, 2)] 0.655 
[(15, 2), (16, 0.5), (17, 2)] 0.68 
[(16, 2), (17, 0.5), (18, 2)] 0.735 
[(17, 2), (18, 0.5), (19, 2)] 0.415 
[(18, 2), (19, 0.5), (20, 2)] 0.415 
[(0, 2), (1, 0.5), (2, 2)] 0.852 
[(1, 2), (2, 0.5), (3, 2)] 0.86 
[(2, 2), (3, 0.5), (4, 2)] 0.852 
[(3, 2), (4, 0.5), (5, 2)] 0.892 
[(4, 2), (5, 0.5), (6, 2)] 0.848 
[(5, 2), (6, 0.5), (7, 2)] 0.856 
[(6, 2), (7, 0.5), (8, 2)] 0.84 
[(7, 2), (8, 0.5), (9, 2)] 0.864 
[(8, 2), (9, 0.5), (10, 2)] 0.888 
[(9, 2), (10, 0.5), (11, 2)] 0.872 
[(10, 2), (11, 0.5), (12, 2)] 0.872 
[(11, 2), (12, 0.5), (13, 2)] 0.892 
[(12, 2), (13, 0.5), (14, 2)] 0.628 
[(13, 2), (14, 0.5), (15, 2)] 0.624 
[(14, 2), (15, 0.5), (16, 2)] 0.624 
[(15, 2), (16, 0.5), (17, 2)] 0.624 
[(16, 2), (17, 0.5), (18, 2)] 0.624 
[(17, 2), (18, 0.5), (19, 2)] 0.612 
[(18, 2), (19, 0.5), (20, 2)] 0.5 
[(0, 2), (1, 0.5), (2, 2)] 0.8666666666666667 
[(1, 2), (2, 0.5), (3, 2)] 0.8433333333333334 
[(2, 2), (3, 0.5), (4, 2)] 0.5533333333333333 
[(3, 2), (4, 0.5), (5, 2)] 0.4266666666666667 
[(4, 2), (5, 0.5), (6, 2)] 0.33666666666666667 
[(5, 2), (6, 0.5), (7, 2)] 0.4866666666666667 
[(6, 2), (7, 0.5), (8, 2)] 0.6233333333333333 
[(7, 2), (8, 0.5), (9, 2)] 0.6633333333333333 
[(8, 2), (9, 0.5), (10, 2)] 0.65 
[(9, 2), (10, 0.5), (11, 2)] 0.6033333333333334 
[(10, 2), (11, 0.5), (12, 2)] 0.6066666666666667 
[(11, 2), (12, 0.5), (13, 2)] 0.64 
[(12, 2), (13, 0.5), (14, 2)] 0.67 
[(13, 2), (14, 0.5), (15, 2)] 0.6633333333333333 
[(14, 2), (15, 0.5), (16, 2)] 0.6733333333333333 
[(15, 2), (16, 0.5), (17, 2)] 0.65 
[(16, 2), (17, 0.5), (18, 2)] 0.6533333333333333 
[(17, 2), (18, 0.5), (19, 2)] 0.6766666666666666 
[(18, 2), (19, 0.5), (20, 2)] 0.6433333333333333 
[(0, 2), (1, 0.5), (2, 2)] 0.8828571428571429 
[(1, 2), (2, 0.5), (3, 2)] 0.88 
[(2, 2), (3, 0.5), (4, 2)] 0.7714285714285715 
[(3, 2), (4, 0.5), (5, 2)] 0.84 
[(4, 2), (5, 0.5), (6, 2)] 0.86 
[(5, 2), (6, 0.5), (7, 2)] 0.7571428571428571 
[(6, 2), (7, 0.5), (8, 2)] 0.8 
[(7, 2), (8, 0.5), (9, 2)] 0.7285714285714285 
[(8, 2), (9, 0.5), (10, 2)] 0.6971428571428572 
[(9, 2), (10, 0.5), (11, 2)] 0.7685714285714286 
[(10, 2), (11, 0.5), (12, 2)] 0.7571428571428571 
[(11, 2), (12, 0.5), (13, 2)] 0.7542857142857143 
[(12, 2), (13, 0.5), (14, 2)] 0.7457142857142857 
[(13, 2), (14, 0.5), (15, 2)] 0.7485714285714286 
[(14, 2), (15, 0.5), (16, 2)] 0.76 
[(15, 2), (16, 0.5), (17, 2)] 0.7628571428571429 
[(16, 2), (17, 0.5), (18, 2)] 0.76 
[(17, 2), (18, 0.5), (19, 2)] 0.76 
[(18, 2), (19, 0.5), (20, 2)] 0.7514285714285714 
[(0, 2), (1, 0.5), (2, 2)] 0.8525 
[(1, 2), (2, 0.5), (3, 2)] 0.825 
[(2, 2), (3, 0.5), (4, 2)] 0.81 
[(3, 2), (4, 0.5), (5, 2)] 0.8525 
[(4, 2), (5, 0.5), (6, 2)] 0.8625 
[(5, 2), (6, 0.5), (7, 2)] 0.84 
[(6, 2), (7, 0.5), (8, 2)] 0.775 
[(7, 2), (8, 0.5), (9, 2)] 0.8675 
[(8, 2), (9, 0.5), (10, 2)] 0.75 
[(9, 2), (10, 0.5), (11, 2)] 0.82 
[(10, 2), (11, 0.5), (12, 2)] 0.815 
[(11, 2), (12, 0.5), (13, 2)] 0.6075 
[(12, 2), (13, 0.5), (14, 2)] 0.7975 
[(13, 2), (14, 0.5), (15, 2)] 0.795 
[(14, 2), (15, 0.5), (16, 2)] 0.795 
[(15, 2), (16, 0.5), (17, 2)] 0.785 
[(16, 2), (17, 0.5), (18, 2)] 0.78 
[(17, 2), (18, 0.5), (19, 2)] 0.7775 
[(18, 2), (19, 0.5), (20, 2)] 0.7775 
[(0, 2), (1, 0.5), (2, 2)] 0.7777777777777778 
[(1, 2), (2, 0.5), (3, 2)] 0.6888888888888889 
[(2, 2), (3, 0.5), (4, 2)] 0.8 
[(3, 2), (4, 0.5), (5, 2)] 0.8088888888888889 
[(4, 2), (5, 0.5), (6, 2)] 0.8044444444444444 
[(5, 2), (6, 0.5), (7, 2)] 0.7755555555555556 
[(6, 2), (7, 0.5), (8, 2)] 0.7844444444444445 
[(7, 2), (8, 0.5), (9, 2)] 0.6911111111111111 
[(8, 2), (9, 0.5), (10, 2)] 0.6666666666666666 
[(9, 2), (10, 0.5), (11, 2)] 0.5488888888888889 
[(10, 2), (11, 0.5), (12, 2)] 0.7022222222222222 
[(11, 2), (12, 0.5), (13, 2)] 0.5266666666666666 
[(12, 2), (13, 0.5), (14, 2)] 0.5177777777777778 
[(13, 2), (14, 0.5), (15, 2)] 0.5311111111111111 
[(14, 2), (15, 0.5), (16, 2)] 0.5244444444444445 
[(15, 2), (16, 0.5), (17, 2)] 0.52 
[(16, 2), (17, 0.5), (18, 2)] 0.52 
[(17, 2), (18, 0.5), (19, 2)] 0.6977777777777778 
[(18, 2), (19, 0.5), (20, 2)] 0.6888888888888889 
[(0, 2), (1, 0.5), (2, 2)] 0.816 
[(1, 2), (2, 0.5), (3, 2)] 0.768 
[(2, 2), (3, 0.5), (4, 2)] 0.702 
[(3, 2), (4, 0.5), (5, 2)] 0.76 
[(4, 2), (5, 0.5), (6, 2)] 0.772 
[(5, 2), (6, 0.5), (7, 2)] 0.764 
[(6, 2), (7, 0.5), (8, 2)] 0.766 
[(7, 2), (8, 0.5), (9, 2)] 0.774 
[(8, 2), (9, 0.5), (10, 2)] 0.742 
[(9, 2), (10, 0.5), (11, 2)] 0.628 
[(10, 2), (11, 0.5), (12, 2)] 0.61 
[(11, 2), (12, 0.5), (13, 2)] 0.688 
[(12, 2), (13, 0.5), (14, 2)] 0.742 
[(13, 2), (14, 0.5), (15, 2)] 0.742 
[(14, 2), (15, 0.5), (16, 2)] 0.732 
[(15, 2), (16, 0.5), (17, 2)] 0.728 
[(16, 2), (17, 0.5), (18, 2)] 0.732 
[(17, 2), (18, 0.5), (19, 2)] 0.73 
[(18, 2), (19, 0.5), (20, 2)] 0.73 
[(0, 2), (1, 0.5), (2, 2)] 0.8818181818181818 
[(1, 2), (2, 0.5), (3, 2)] 0.889090909090909 
[(2, 2), (3, 0.5), (4, 2)] 0.7545454545454545 
[(3, 2), (4, 0.5), (5, 2)] 0.850909090909091 
[(4, 2), (5, 0.5), (6, 2)] 0.8127272727272727 
[(5, 2), (6, 0.5), (7, 2)] 0.6363636363636364 
[(6, 2), (7, 0.5), (8, 2)] 0.7472727272727273 
[(7, 2), (8, 0.5), (9, 2)] 0.6872727272727273 
[(8, 2), (9, 0.5), (10, 2)] 0.6327272727272727 
[(9, 2), (10, 0.5), (11, 2)] 0.7109090909090909 
[(10, 2), (11, 0.5), (12, 2)] 0.3927272727272727 
[(11, 2), (12, 0.5), (13, 2)] 0.6272727272727273 
[(12, 2), (13, 0.5), (14, 2)] 0.5890909090909091 
[(13, 2), (14, 0.5), (15, 2)] 0.610909090909091 
[(14, 2), (15, 0.5), (16, 2)] 0.6090909090909091 
[(15, 2), (16, 0.5), (17, 2)] 0.5836363636363636 
[(16, 2), (17, 0.5), (18, 2)] 0.5727272727272728 
[(17, 2), (18, 0.5), (19, 2)] 0.5945454545454546 
[(18, 2), (19, 0.5), (20, 2)] 0.6072727272727273 
[(0, 2), (1, 0.5), (2, 2)] 0.79 
[(1, 2), (2, 0.5), (3, 2)] 0.7616666666666667 
[(2, 2), (3, 0.5), (4, 2)] 0.7433333333333333 
[(3, 2), (4, 0.5), (5, 2)] 0.7783333333333333 
[(4, 2), (5, 0.5), (6, 2)] 0.7633333333333333 
[(5, 2), (6, 0.5), (7, 2)] 0.7616666666666667 
[(6, 2), (7, 0.5), (8, 2)] 0.7783333333333333 
[(7, 2), (8, 0.5), (9, 2)] 0.79 
[(8, 2), (9, 0.5), (10, 2)] 0.79 
[(9, 2), (10, 0.5), (11, 2)] 0.7033333333333334 
[(10, 2), (11, 0.5), (12, 2)] 0.7233333333333334 
[(11, 2), (12, 0.5), (13, 2)] 0.7416666666666667 
[(12, 2), (13, 0.5), (14, 2)] 0.6066666666666667 
[(13, 2), (14, 0.5), (15, 2)] 0.6116666666666667 
[(14, 2), (15, 0.5), (16, 2)] 0.6083333333333333 
[(15, 2), (16, 0.5), (17, 2)] 0.61 
[(16, 2), (17, 0.5), (18, 2)] 0.59 
[(17, 2), (18, 0.5), (19, 2)] 0.6083333333333333 
[(18, 2), (19, 0.5), (20, 2)] 0.6016666666666667 
[(0, 2), (1, 0.5), (2, 2)] 0.8430769230769231 
[(1, 2), (2, 0.5), (3, 2)] 0.7692307692307693 
[(2, 2), (3, 0.5), (4, 2)] 0.7384615384615385 
[(3, 2), (4, 0.5), (5, 2)] 0.7676923076923077 
[(4, 2), (5, 0.5), (6, 2)] 0.8076923076923077 
[(5, 2), (6, 0.5), (7, 2)] 0.7569230769230769 
[(6, 2), (7, 0.5), (8, 2)] 0.7584615384615384 
[(7, 2), (8, 0.5), (9, 2)] 0.7569230769230769 
[(8, 2), (9, 0.5), (10, 2)] 0.7569230769230769 
[(9, 2), (10, 0.5), (11, 2)] 0.7676923076923077 
[(10, 2), (11, 0.5), (12, 2)] 0.7738461538461539 
[(11, 2), (12, 0.5), (13, 2)] 0.7830769230769231 
[(12, 2), (13, 0.5), (14, 2)] 0.7676923076923077 
[(13, 2), (14, 0.5), (15, 2)] 0.7784615384615384 
[(14, 2), (15, 0.5), (16, 2)] 0.76 
[(15, 2), (16, 0.5), (17, 2)] 0.7492307692307693 
[(16, 2), (17, 0.5), (18, 2)] 0.76 
[(17, 2), (18, 0.5), (19, 2)] 0.7646153846153846 
[(18, 2), (19, 0.5), (20, 2)] 0.7815384615384615 
[(0, 2), (1, 0.5), (2, 2)] 0.2914285714285714 
[(1, 2), (2, 0.5), (3, 2)] 0.48714285714285716 
[(2, 2), (3, 0.5), (4, 2)] 0.6142857142857143 
[(3, 2), (4, 0.5), (5, 2)] 0.79 
[(4, 2), (5, 0.5), (6, 2)] 0.7842857142857143 
[(5, 2), (6, 0.5), (7, 2)] 0.7757142857142857 
[(6, 2), (7, 0.5), (8, 2)] 0.7785714285714286 
[(7, 2), (8, 0.5), (9, 2)] 0.7785714285714286 
[(8, 2), (9, 0.5), (10, 2)] 0.7785714285714286 
[(9, 2), (10, 0.5), (11, 2)] 0.7757142857142857 
[(10, 2), (11, 0.5), (12, 2)] 0.7214285714285714 
[(11, 2), (12, 0.5), (13, 2)] 0.6785714285714286 
[(12, 2), (13, 0.5), (14, 2)] 0.79 
[(13, 2), (14, 0.5), (15, 2)] 0.7157142857142857 
[(14, 2), (15, 0.5), (16, 2)] 0.6428571428571429 
[(15, 2), (16, 0.5), (17, 2)] 0.6514285714285715 
[(16, 2), (17, 0.5), (18, 2)] 0.6414285714285715 
[(17, 2), (18, 0.5), (19, 2)] 0.6342857142857142 
[(18, 2), (19, 0.5), (20, 2)] 0.65 
[(0, 2), (1, 0.5), (2, 2)] 0.7546666666666667 
[(1, 2), (2, 0.5), (3, 2)] 0.56 
[(2, 2), (3, 0.5), (4, 2)] 0.2946666666666667 
[(3, 2), (4, 0.5), (5, 2)] 0.7773333333333333 
[(4, 2), (5, 0.5), (6, 2)] 0.6733333333333333 
[(5, 2), (6, 0.5), (7, 2)] 0.7306666666666667 
[(6, 2), (7, 0.5), (8, 2)] 0.6986666666666667 
[(7, 2), (8, 0.5), (9, 2)] 0.772 
[(8, 2), (9, 0.5), (10, 2)] 0.7693333333333333 
[(9, 2), (10, 0.5), (11, 2)] 0.7653333333333333 
[(10, 2), (11, 0.5), (12, 2)] 0.6373333333333333 
[(11, 2), (12, 0.5), (13, 2)] 0.716 
[(12, 2), (13, 0.5), (14, 2)] 0.7133333333333334 
[(13, 2), (14, 0.5), (15, 2)] 0.784 
[(14, 2), (15, 0.5), (16, 2)] 0.6773333333333333 
[(15, 2), (16, 0.5), (17, 2)] 0.724 
[(16, 2), (17, 0.5), (18, 2)] 0.6986666666666667 
[(17, 2), (18, 0.5), (19, 2)] 0.64 
[(18, 2), (19, 0.5), (20, 2)] 0.632 
[(0, 2), (1, 0.5), (2, 2)] 0.27375 
[(1, 2), (2, 0.5), (3, 2)] 0.45875 
[(2, 2), (3, 0.5), (4, 2)] 0.615 
[(3, 2), (4, 0.5), (5, 2)] 0.7075 
[(4, 2), (5, 0.5), (6, 2)] 0.7775 
[(5, 2), (6, 0.5), (7, 2)] 0.795 
[(6, 2), (7, 0.5), (8, 2)] 0.7525 
[(7, 2), (8, 0.5), (9, 2)] 0.77125 
[(8, 2), (9, 0.5), (10, 2)] 0.75375 
[(9, 2), (10, 0.5), (11, 2)] 0.75875 
[(10, 2), (11, 0.5), (12, 2)] 0.5925 
[(11, 2), (12, 0.5), (13, 2)] 0.65125 
[(12, 2), (13, 0.5), (14, 2)] 0.72375 
[(0, 2), (1, 0.5), (2, 2)] 0.77375 
[(0, 2), (1, 0.5), (2, 2)] 0.28941176470588237 
[(0, 2), (1, 0.5), (2, 2)] 0.78 
[(0, 2), (1, 0.5), (2, 2)] 0.7842105263157895 
[(0, 2), (1, 0.5), (2, 2)] 0.273 
[(0, 2), (1, 0.5), (2, 2)] 0.84 
[(0, 2), (1, 0.5), (2, 2)] 0.25727272727272726 
[(0, 2), (1, 0.5), (2, 2)] 0.7678260869565218 
[(0, 2), (1, 0.5), (2, 2)] 0.8191666666666667 
[(0, 2), (1, 0.5), (2, 2)] 0.752 
[(0, 2), (1, 0.5), (2, 2)] 0.823076923076923 
[(0, 2), (1, 0.5), (2, 2)] 0.8274074074074074 
[(0, 2), (1, 0.5), (2, 2)] 0.2507142857142857 
[(0, 2), (1, 0.5), (2, 2)] 0.8193103448275862 
[(0, 2), (1, 0.5), (2, 2)] 0.754 
[(0, 2), (1, 0.5), (2, 2)] 0.8129032258064516 
[(0, 2), (1, 0.5), (2, 2)] 0.824375 
[(0, 2), (1, 0.5), (2, 2)] 0.8333333333333334 
[(0, 2), (1, 0.5), (2, 2)] 0.25176470588235295 
[(0, 2), (1, 0.5), (2, 2)] 0.8308571428571428 
[(0, 2), (1, 0.5), (2, 2)] 0.8333333333333334 
[(0, 2), (1, 0.5), (2, 2)] 0.8313513513513513 
[(0, 2), (1, 0.5), (2, 2)] 0.8300374131480491 
[(0, 2), (1, 0.5), (2, 2)] 0.8300374131480491 
[(7, 2), (8, 0.5), (9, 2)] 0.76 
[(7, 2), (8, 0.5), (9, 2)] 0.92 
[(7, 2), (8, 0.5), (9, 2)] 0.835 
[(7, 2), (8, 0.5), (9, 2)] 0.884 
[(7, 2), (8, 0.5), (9, 2)] 0.8266666666666667 
[(7, 2), (8, 0.5), (9, 2)] 0.8142857142857143 
[(7, 2), (8, 0.5), (9, 2)] 0.83 
[(7, 2), (8, 0.5), (9, 2)] 0.88 
[(7, 2), (8, 0.5), (9, 2)] 0.796 
[(7, 2), (8, 0.5), (9, 2)] 0.7818181818181819 
[(7, 2), (8, 0.5), (9, 2)] 0.85 
[(7, 2), (8, 0.5), (9, 2)] 0.7323076923076923 
[(7, 2), (8, 0.5), (9, 2)] 0.7871428571428571 
[(7, 2), (8, 0.5), (9, 2)] 0.832 
[(7, 2), (8, 0.5), (9, 2)] 0.92 
[(7, 2), (8, 0.5), (9, 2)] 0.7333333333333333 
[(7, 2), (8, 0.5), (9, 2)] 0.825 
[(7, 2), (8, 0.5), (9, 2)] 0.804 
[(7, 2), (8, 0.5), (9, 2)] 0.85 
[(7, 2), (8, 0.5), (9, 2)] 0.82 
[(7, 2), (8, 0.5), (9, 2)] 0.835 
[(7, 2), (8, 0.5), (9, 2)] 0.8577777777777778 
[(7, 2), (8, 0.5), (9, 2)] 0.832 
[(7, 2), (8, 0.5), (9, 2)] 0.7836363636363637 
[(7, 2), (8, 0.5), (9, 2)] 0.6716666666666666 
[(7, 2), (8, 0.5), (9, 2)] 0.7138461538461538 
[(7, 2), (8, 0.5), (9, 2)] 0.8342857142857143 
[(7, 2), (8, 0.5), (9, 2)] 0.7466666666666667 
[(7, 2), (8, 0.5), (9, 2)] 0.69875 
[(7, 2), (8, 0.5), (9, 2)] 0.7070588235294117 
[(7, 2), (8, 0.5), (9, 2)] 0.8188888888888889 
[(7, 2), (8, 0.5), (9, 2)] 0.76 
[(7, 2), (8, 0.5), (9, 2)] 0.701 
[(7, 2), (8, 0.5), (9, 2)] 0.7971428571428572 
[(7, 2), (8, 0.5), (9, 2)] 0.7463636363636363 
[(7, 2), (8, 0.5), (9, 2)] 0.7930434782608695 
[(7, 2), (8, 0.5), (9, 2)] 0.6841666666666667 
[(7, 2), (8, 0.5), (9, 2)] 0.6448 
[(7, 2), (8, 0.5), (9, 2)] 0.6853846153846154 
[(7, 2), (8, 0.5), (9, 2)] 0.7814814814814814 
[(7, 2), (8, 0.5), (9, 2)] 0.6992857142857143 
[(7, 2), (8, 0.5), (9, 2)] 0.6958620689655173 
[(7, 2), (8, 0.5), (9, 2)] 0.6653333333333333 
[(7, 2), (8, 0.5), (9, 2)] 0.7064516129032258 
[(7, 2), (8, 0.5), (9, 2)] 0.694375 
[(7, 2), (8, 0.5), (9, 2)] 0.7006060606060606 
[(7, 2), (8, 0.5), (9, 2)] 0.7717647058823529 
[(7, 2), (8, 0.5), (9, 2)] 0.6897142857142857 
[(7, 2), (8, 0.5), (9, 2)] 0.6811111111111111 
[(7, 2), (8, 0.5), (9, 2)] 0.6789189189189189 
[(7, 2), (8, 0.5), (9, 2)] 0.672367717797969 
[(7, 2), (8, 0.5), (9, 2)] 0.85 
[(7, 2), (8, 0.5), (9, 2)] 0.88 
[(7, 2), (8, 0.5), (9, 2)] 0.86 
[(7, 2), (8, 0.5), (9, 2)] 0.91 
[(7, 2), (8, 0.5), (9, 2)] 0.89 
[(7, 2), (8, 0.5), (9, 2)] 0.89 
[(7, 2), (8, 0.5), (9, 2)] 0.95 
[(0, 2), (1, 0.5), (2, 2)] 0.92 
[(0, 2), (1, 0.5), (2, 2)] 0.78 
[(0, 2), (1, 0.5), (2, 2)] 0.792 
[(0, 2), (1, 0.5), (2, 2)] 0.8242857142857143 
[(0, 2), (1, 0.5), (2, 2)] 0.8211764705882353 
[(0, 2), (1, 0.5), (2, 2)] 0.7445454545454545 
[(0, 2), (1, 0.5), (2, 2)] 0.54 
[(1, 2), (2, 0.5), (3, 2)] 0.61 
[(2, 2), (3, 0.5), (4, 2)] 0.66 
[(3, 2), (4, 0.5), (5, 2)] 0.62 
[(4, 2), (5, 0.5), (6, 2)] 0.64 
[(5, 2), (6, 0.5), (7, 2)] 0.66 
[(6, 2), (7, 0.5), (8, 2)] 0.63 
[(7, 2), (8, 0.5), (9, 2)] 0.64 
[(8, 2), (9, 0.5), (10, 2)] 0.65 
[(9, 2), (10, 0.5), (11, 2)] 0.66 
[(10, 2), (11, 0.5), (12, 2)] 0.66 
[(0, 2), (1, 0.5), (2, 2)] 0.65 
[(1, 2), (2, 0.5), (3, 2)] 0.62 
[(2, 2), (3, 0.5), (4, 2)] 0.63 
[(3, 2), (4, 0.5), (5, 2)] 0.6 
[(4, 2), (5, 0.5), (6, 2)] 0.63 
[(5, 2), (6, 0.5), (7, 2)] 0.62 
[(6, 2), (7, 0.5), (8, 2)] 0.64 
[(7, 2), (8, 0.5), (9, 2)] 0.69 
[(8, 2), (9, 0.5), (10, 2)] 0.69 
[(9, 2), (10, 0.5), (11, 2)] 0.7 
[(10, 2), (11, 0.5), (12, 2)] 0.7 
[(11, 2), (12, 0.5), (13, 2)] 0.71 
[(12, 2), (13, 0.5), (14, 2)] 0.6 
[(13, 2), (14, 0.5), (15, 2)] 0.63 
[(14, 2), (15, 0.5), (16, 2)] 0.83 
[(15, 2), (16, 0.5), (17, 2)] 0.83 
[(16, 2), (17, 0.5), (18, 2)] 0.83 
[(17, 2), (18, 0.5), (19, 2)] 0.83 
[(18, 2), (19, 0.5), (20, 2)] 0.83 
[(0, 2), (1, 0.5), (2, 2)] 0.19333333333333333 
[(1, 2), (2, 0.5), (3, 2)] 0.4 
[(2, 2), (3, 0.5), (4, 2)] 0.36 
[(3, 2), (4, 0.5), (5, 2)] 0.4066666666666667 
[(4, 2), (5, 0.5), (6, 2)] 0.3933333333333333 
[(5, 2), (6, 0.5), (7, 2)] 0.38666666666666666 
[(6, 2), (7, 0.5), (8, 2)] 0.38 
[(7, 2), (8, 0.5), (9, 2)] 0.37333333333333335 
[(8, 2), (9, 0.5), (10, 2)] 0.37333333333333335 
[(9, 2), (10, 0.5), (11, 2)] 0.37333333333333335 
[(10, 2), (11, 0.5), (12, 2)] 0.36 
[(11, 2), (12, 0.5), (13, 2)] 0.35333333333333333 
[(12, 2), (13, 0.5), (14, 2)] 0.37333333333333335 
[(13, 2), (14, 0.5), (15, 2)] 0.52 
[(14, 2), (15, 0.5), (16, 2)] 0.43333333333333335 
[(15, 2), (16, 0.5), (17, 2)] 0.4266666666666667 
[(16, 2), (17, 0.5), (18, 2)] 0.7666666666666667 
[(17, 2), (18, 0.5), (19, 2)] 0.7666666666666667 
[(18, 2), (19, 0.5), (20, 2)] 0.7666666666666667 
[(0, 2), (1, 0.5), (2, 2)] 0.325 
[(1, 2), (2, 0.5), (3, 2)] 0.285 
[(2, 2), (3, 0.5), (4, 2)] 0.29 
[(3, 2), (4, 0.5), (5, 2)] 0.465 
[(4, 2), (5, 0.5), (6, 2)] 0.345 
[(5, 2), (6, 0.5), (7, 2)] 0.33 
[(6, 2), (7, 0.5), (8, 2)] 0.48 
[(7, 2), (8, 0.5), (9, 2)] 0.455 
[(8, 2), (9, 0.5), (10, 2)] 0.47 
[(9, 2), (10, 0.5), (11, 2)] 0.455 
[(10, 2), (11, 0.5), (12, 2)] 0.46 
[(11, 2), (12, 0.5), (13, 2)] 0.465 
[(12, 2), (13, 0.5), (14, 2)] 0.455 
[(13, 2), (14, 0.5), (15, 2)] 0.415 
[(14, 2), (15, 0.5), (16, 2)] 0.415 
[(15, 2), (16, 0.5), (17, 2)] 0.175 
[(16, 2), (17, 0.5), (18, 2)] 0.175 
[(17, 2), (18, 0.5), (19, 2)] 0.175 
[(18, 2), (19, 0.5), (20, 2)] 0.175 
[(0, 2), (1, 0.5), (2, 2)] 0.456 
[(1, 2), (2, 0.5), (3, 2)] 0.512 
[(2, 2), (3, 0.5), (4, 2)] 0.484 
[(3, 2), (4, 0.5), (5, 2)] 0.528 
[(4, 2), (5, 0.5), (6, 2)] 0.544 
[(5, 2), (6, 0.5), (7, 2)] 0.536 
[(6, 2), (7, 0.5), (8, 2)] 0.512 
[(7, 2), (8, 0.5), (9, 2)] 0.496 
[(8, 2), (9, 0.5), (10, 2)] 0.492 
[(9, 2), (10, 0.5), (11, 2)] 0.5 
[(10, 2), (11, 0.5), (12, 2)] 0.496 
[(11, 2), (12, 0.5), (13, 2)] 0.492 
[(12, 2), (13, 0.5), (14, 2)] 0.5 
[(13, 2), (14, 0.5), (15, 2)] 0.496 
[(14, 2), (15, 0.5), (16, 2)] 0.224 
[(15, 2), (16, 0.5), (17, 2)] 0.176 
[(16, 2), (17, 0.5), (18, 2)] 0.176 
[(17, 2), (18, 0.5), (19, 2)] 0.176 
[(18, 2), (19, 0.5), (20, 2)] 0.176 
[(0, 2), (1, 0.5), (2, 2)] 0.5366666666666666 
[(1, 2), (2, 0.5), (3, 2)] 0.56 
[(2, 2), (3, 0.5), (4, 2)] 0.47333333333333333 
[(3, 2), (4, 0.5), (5, 2)] 0.53 
[(4, 2), (5, 0.5), (6, 2)] 0.51 
[(5, 2), (6, 0.5), (7, 2)] 0.4766666666666667 
[(6, 2), (7, 0.5), (8, 2)] 0.4866666666666667 
[(7, 2), (8, 0.5), (9, 2)] 0.49666666666666665 
[(8, 2), (9, 0.5), (10, 2)] 0.49 
[(9, 2), (10, 0.5), (11, 2)] 0.47 
[(10, 2), (11, 0.5), (12, 2)] 0.47333333333333333 
[(11, 2), (12, 0.5), (13, 2)] 0.45 
[(12, 2), (13, 0.5), (14, 2)] 0.4633333333333333 
[(13, 2), (14, 0.5), (15, 2)] 0.48333333333333334 
[(14, 2), (15, 0.5), (16, 2)] 0.16666666666666666 
[(15, 2), (16, 0.5), (17, 2)] 0.15333333333333332 
[(16, 2), (17, 0.5), (18, 2)] 0.15333333333333332 
[(17, 2), (18, 0.5), (19, 2)] 0.15333333333333332 
[(18, 2), (19, 0.5), (20, 2)] 0.15333333333333332 
[(0, 2), (1, 0.5), (2, 2)] 0.36 
[(1, 2), (2, 0.5), (3, 2)] 0.4114285714285714 
[(2, 2), (3, 0.5), (4, 2)] 0.43714285714285717 
[(3, 2), (4, 0.5), (5, 2)] 0.5571428571428572 
[(4, 2), (5, 0.5), (6, 2)] 0.5514285714285714 
[(5, 2), (6, 0.5), (7, 2)] 0.5542857142857143 
[(6, 2), (7, 0.5), (8, 2)] 0.5571428571428572 
[(7, 2), (8, 0.5), (9, 2)] 0.56 
[(8, 2), (9, 0.5), (10, 2)] 0.56 
[(9, 2), (10, 0.5), (11, 2)] 0.5542857142857143 
[(10, 2), (11, 0.5), (12, 2)] 0.5514285714285714 
[(11, 2), (12, 0.5), (13, 2)] 0.5514285714285714 
[(12, 2), (13, 0.5), (14, 2)] 0.5514285714285714 
[(13, 2), (14, 0.5), (15, 2)] 0.54 
[(14, 2), (15, 0.5), (16, 2)] 0.33714285714285713 
[(15, 2), (16, 0.5), (17, 2)] 0.13714285714285715 
[(16, 2), (17, 0.5), (18, 2)] 0.13714285714285715 
[(17, 2), (18, 0.5), (19, 2)] 0.13714285714285715 
[(18, 2), (19, 0.5), (20, 2)] 0.13714285714285715 
[(0, 2), (1, 0.5), (2, 2)] 0.3725 
[(1, 2), (2, 0.5), (3, 2)] 0.4875 
[(2, 2), (3, 0.5), (4, 2)] 0.525 
[(3, 2), (4, 0.5), (5, 2)] 0.495 
[(4, 2), (5, 0.5), (6, 2)] 0.4875 
[(5, 2), (6, 0.5), (7, 2)] 0.4925 
[(6, 2), (7, 0.5), (8, 2)] 0.4925 
[(7, 2), (8, 0.5), (9, 2)] 0.51 
[(8, 2), (9, 0.5), (10, 2)] 0.5125 
[(9, 2), (10, 0.5), (11, 2)] 0.51 
[(10, 2), (11, 0.5), (12, 2)] 0.505 
[(11, 2), (12, 0.5), (13, 2)] 0.505 
[(12, 2), (13, 0.5), (14, 2)] 0.49 
[(13, 2), (14, 0.5), (15, 2)] 0.46 
[(14, 2), (15, 0.5), (16, 2)] 0.125 
[(15, 2), (16, 0.5), (17, 2)] 0.125 
[(16, 2), (17, 0.5), (18, 2)] 0.115 
[(17, 2), (18, 0.5), (19, 2)] 0.115 
[(18, 2), (19, 0.5), (20, 2)] 0.115 
[(0, 2), (1, 0.5), (2, 2)] 0.4222222222222222 
[(1, 2), (2, 0.5), (3, 2)] 0.4288888888888889 
[(2, 2), (3, 0.5), (4, 2)] 0.5177777777777778 
[(3, 2), (4, 0.5), (5, 2)] 0.49777777777777776 
[(4, 2), (5, 0.5), (6, 2)] 0.4822222222222222 
[(5, 2), (6, 0.5), (7, 2)] 0.5022222222222222 
[(6, 2), (7, 0.5), (8, 2)] 0.49777777777777776 
[(7, 2), (8, 0.5), (9, 2)] 0.5111111111111111 
[(8, 2), (9, 0.5), (10, 2)] 0.4911111111111111 
[(9, 2), (10, 0.5), (11, 2)] 0.4911111111111111 
[(10, 2), (11, 0.5), (12, 2)] 0.4888888888888889 
[(11, 2), (12, 0.5), (13, 2)] 0.4911111111111111 
[(12, 2), (13, 0.5), (14, 2)] 0.49777777777777776 
[(13, 2), (14, 0.5), (15, 2)] 0.5022222222222222 
[(14, 2), (15, 0.5), (16, 2)] 0.16444444444444445 
[(15, 2), (16, 0.5), (17, 2)] 0.16444444444444445 
[(16, 2), (17, 0.5), (18, 2)] 0.12 
[(17, 2), (18, 0.5), (19, 2)] 0.12 
[(18, 2), (19, 0.5), (20, 2)] 0.12 
[(0, 2), (1, 0.5), (2, 2)] 0.48 
[(1, 2), (2, 0.5), (3, 2)] 0.496 
[(2, 2), (3, 0.5), (4, 2)] 0.454 
[(3, 2), (4, 0.5), (5, 2)] 0.508 
[(4, 2), (5, 0.5), (6, 2)] 0.498 
[(5, 2), (6, 0.5), (7, 2)] 0.5 
[(6, 2), (7, 0.5), (8, 2)] 0.502 
[(7, 2), (8, 0.5), (9, 2)] 0.506 
[(8, 2), (9, 0.5), (10, 2)] 0.504 
[(9, 2), (10, 0.5), (11, 2)] 0.51 
[(10, 2), (11, 0.5), (12, 2)] 0.51 
[(11, 2), (12, 0.5), (13, 2)] 0.508 
[(12, 2), (13, 0.5), (14, 2)] 0.51 
[(13, 2), (14, 0.5), (15, 2)] 0.506 
[(14, 2), (15, 0.5), (16, 2)] 0.186 
[(15, 2), (16, 0.5), (17, 2)] 0.186 
[(16, 2), (17, 0.5), (18, 2)] 0.114 
[(17, 2), (18, 0.5), (19, 2)] 0.114 
[(18, 2), (19, 0.5), (20, 2)] 0.114 
[(0, 2), (1, 0.5), (2, 2)] 0.47619047619047616 
[(1, 2), (2, 0.5), (3, 2)] 0.49206349206349204 
[(2, 2), (3, 0.5), (4, 2)] 0.4503968253968254 
[(3, 2), (4, 0.5), (5, 2)] 0.49603174603174605 
[(4, 2), (5, 0.5), (6, 2)] 0.4861111111111111 
[(5, 2), (6, 0.5), (7, 2)] 0.4880952380952381 
[(6, 2), (7, 0.5), (8, 2)] 0.4880952380952381 
[(7, 2), (8, 0.5), (9, 2)] 0.4861111111111111 
[(8, 2), (9, 0.5), (10, 2)] 0.4861111111111111 
[(9, 2), (10, 0.5), (11, 2)] 0.4880952380952381 
[(10, 2), (11, 0.5), (12, 2)] 0.4880952380952381 
[(11, 2), (12, 0.5), (13, 2)] 0.4861111111111111 
[(0, 2), (1, 0.5), (2, 2)] 0.5099206349206349 
[(1, 2), (2, 0.5), (3, 2)] 0.4801587301587302 
[(2, 2), (3, 0.5), (4, 2)] 0.46825396825396826 
[(0, 2), (1, 0.5), (2, 2)] 0.56 
[(0, 2), (1, 0.5), (2, 2)] 0.715 
[(1, 2), (2, 0.5), (3, 2)] 0.83 
[(2, 2), (3, 0.5), (4, 2)] 0.835 
[(3, 2), (4, 0.5), (5, 2)] 0.735 
[(4, 2), (5, 0.5), (6, 2)] 0.71 
[(5, 2), (6, 0.5), (7, 2)] 0.77 
[(6, 2), (7, 0.5), (8, 2)] 0.81 
[(7, 2), (8, 0.5), (9, 2)] 0.86 
[(8, 2), (9, 0.5), (10, 2)] 0.855 
[(9, 2), (10, 0.5), (11, 2)] 0.81 
[(10, 2), (11, 0.5), (12, 2)] 0.87 
[(11, 2), (12, 0.5), (13, 2)] 0.89 
[(12, 2), (13, 0.5), (14, 2)] 0.895 
[(13, 2), (14, 0.5), (15, 2)] 0.865 
[(14, 2), (15, 0.5), (16, 2)] 0.805 
[(15, 2), (16, 0.5), (17, 2)] 0.665 
[(16, 2), (17, 0.5), (18, 2)] 0.465 
[(17, 2), (18, 0.5), (19, 2)] 0.26 
[(18, 2), (19, 0.5), (20, 2)] 0.225 
[(0, 2), (1, 0.5), (2, 2)] 0.8633333333333333 
[(1, 2), (2, 0.5), (3, 2)] 0.85 
[(2, 2), (3, 0.5), (4, 2)] 0.8033333333333333 
[(3, 2), (4, 0.5), (5, 2)] 0.76 
[(4, 2), (5, 0.5), (6, 2)] 0.8033333333333333 
[(5, 2), (6, 0.5), (7, 2)] 0.83 
[(6, 2), (7, 0.5), (8, 2)] 0.8333333333333334 
[(7, 2), (8, 0.5), (9, 2)] 0.6966666666666667 
[(8, 2), (9, 0.5), (10, 2)] 0.71 
[(9, 2), (10, 0.5), (11, 2)] 0.79 
[(10, 2), (11, 0.5), (12, 2)] 0.78 
[(11, 2), (12, 0.5), (13, 2)] 0.7233333333333334 
[(12, 2), (13, 0.5), (14, 2)] 0.8033333333333333 
[(13, 2), (14, 0.5), (15, 2)] 0.7566666666666667 
[(14, 2), (15, 0.5), (16, 2)] 0.79 
[(15, 2), (16, 0.5), (17, 2)] 0.78 
[(16, 2), (17, 0.5), (18, 2)] 0.7466666666666667 
[(17, 2), (18, 0.5), (19, 2)] 0.6566666666666666 
[(18, 2), (19, 0.5), (20, 2)] 0.5866666666666667 
[(0, 2), (1, 0.5), (2, 2)] 0.7971428571428572 
[(1, 2), (2, 0.5), (3, 2)] 0.8514285714285714 
[(2, 2), (3, 0.5), (4, 2)] 0.8085714285714286 
[(3, 2), (4, 0.5), (5, 2)] 0.8085714285714286 
[(4, 2), (5, 0.5), (6, 2)] 0.7742857142857142 
[(5, 2), (6, 0.5), (7, 2)] 0.7685714285714286 
[(6, 2), (7, 0.5), (8, 2)] 0.7514285714285714 
[(7, 2), (8, 0.5), (9, 2)] 0.8628571428571429 
[(8, 2), (9, 0.5), (10, 2)] 0.8771428571428571 
[(9, 2), (10, 0.5), (11, 2)] 0.8685714285714285 
[(10, 2), (11, 0.5), (12, 2)] 0.8714285714285714 
[(11, 2), (12, 0.5), (13, 2)] 0.8685714285714285 
[(12, 2), (13, 0.5), (14, 2)] 0.8457142857142858 
[(13, 2), (14, 0.5), (15, 2)] 0.8085714285714286 
[(14, 2), (15, 0.5), (16, 2)] 0.7857142857142857 
[(15, 2), (16, 0.5), (17, 2)] 0.7885714285714286 
[(16, 2), (17, 0.5), (18, 2)] 0.7914285714285715 
[(17, 2), (18, 0.5), (19, 2)] 0.78 
[(18, 2), (19, 0.5), (20, 2)] 0.7657142857142857 
[(0, 2), (1, 0.5), (2, 2)] 0.6677777777777778 
[(1, 2), (2, 0.5), (3, 2)] 0.7877777777777778 
[(2, 2), (3, 0.5), (4, 2)] 0.8933333333333333 
[(3, 2), (4, 0.5), (5, 2)] 0.8922222222222222 
[(7, 2), (8, 0.5), (9, 2)] 0.7722222222222223 
[(7, 2), (8, 0.5), (9, 2)] 0.57 
[(7, 2), (8, 0.5), (9, 2)] 0.54 
[(7, 2), (8, 0.5), (9, 2)] 0.555 
[(7, 2), (8, 0.5), (9, 2)] 0.432 
[(7, 2), (8, 0.5), (9, 2)] 0.5833333333333334 
[(7, 2), (8, 0.5), (9, 2)] 0.5314285714285715 
[(7, 2), (8, 0.5), (9, 2)] 0.52 
[(7, 2), (8, 0.5), (9, 2)] 0.4777777777777778 
[(7, 2), (8, 0.5), (9, 2)] 0.494 
[(0, 2), (1, 0.5), (2, 2)] 0.5099206349206349 
[(1, 2), (2, 0.5), (3, 2)] 0.4801587301587302 
[(2, 2), (3, 0.5), (4, 2)] 0.46825396825396826 
[(3, 2), (4, 0.5), (5, 2)] 0.5218253968253969 
[(4, 2), (5, 0.5), (6, 2)] 0.49206349206349204 
[(5, 2), (6, 0.5), (7, 2)] 0.5178571428571429 
[(6, 2), (7, 0.5), (8, 2)] 0.5436507936507936 
[(7, 2), (8, 0.5), (9, 2)] 0.5337301587301587 
[(8, 2), (9, 0.5), (10, 2)] 0.5456349206349206 
[(9, 2), (10, 0.5), (11, 2)] 0.5595238095238095 
[(10, 2), (11, 0.5), (12, 2)] 0.5753968253968254 
[(11, 2), (12, 0.5), (13, 2)] 0.5714285714285714 
[(12, 2), (13, 0.5), (14, 2)] 0.5694444444444444 
[(13, 2), (14, 0.5), (15, 2)] 0.5694444444444444 
[(14, 2), (15, 0.5), (16, 2)] 0.5714285714285714 
[(15, 2), (16, 0.5), (17, 2)] 0.5714285714285714 
[(16, 2), (17, 0.5), (18, 2)] 0.5555555555555556 
[(17, 2), (18, 0.5), (19, 2)] 0.11706349206349206 
[(18, 2), (19, 0.5), (20, 2)] 0.11507936507936507 
[(7, 2), (8, 0.5), (9, 2)] 0.49206349206349204 
[(7, 2), (8, 0.5), (9, 2)] 0.695 
[(7, 2), (8, 0.5), (9, 2)] 0.695 
[(7, 2), (8, 0.5), (9, 2)] 0.695 
[(7, 2), (8, 0.5), (9, 2)] 0.69625 
[(7, 2), (8, 0.5), (9, 2)] 0.69625 
[(7, 2), (8, 0.5), (9, 2)] 0.69625 
[(7, 2), (8, 0.5), (9, 2)] 0.69625 
[(8, 2), (9, 0.5), (10, 2)] 0.69625 
[(9, 2), (10, 0.5), (11, 2)] 0.69625 
[(7, 2), (8, 0.5), (9, 2)] 0.69625 
