100 [0.62] 
150 [0.6666666666666666] 
200 [0.625] 
250 [0.624] 
300 [0.6566666666666666] 
350 [0.6228571428571429] 
400 [0.615] 
450 [0.6933333333333334] 
500 [0.632] 
550 [0.6927272727272727] 
600 [0.6566666666666666] 
650 [0.6476923076923077] 
700 [0.62] 
750 [0.6093333333333333] 
100 [0.66] 
150 [0.66] 
200 [0.61] 
250 [0.672] 
300 [0.66] 
350 [0.6714285714285714] 
400 [0.6775] 
450 [0.6777777777777778] 
500 [0.698] 
550 [0.6945454545454546] 
600 [0.6933333333333334] 
650 [0.6876923076923077] 
700 [0.6485714285714286] 
750 [0.6613333333333333] 
800 [0.695] 
850 [0.5988235294117648] 
900 [0.6555555555555556] 
950 [0.6410526315789473] 
1000 [0.668] 
1050 [0.699047619047619] 
1100 [0.6845454545454546] 
1150 [0.6704347826086956] 
1200 [0.6675] 
1250 [0.6296] 
1300 [0.6953846153846154] 
1350 [0.6851851851851852] 
1400 [0.6728571428571428] 
1450 [0.643448275862069] 
1500 [0.674] 
1550 [0.6825806451612904] 
1600 [0.671875] 
1650 [0.6303030303030303] 
1700 [0.6611764705882353] 
1750 [0.64] 
1800 [0.7] 
100 [0.66] 
1999 [0.8022447888829503] 
1999 [0.8305718866916088, 0.7990379476215927, 0.7910208444681989, 0.7990379476215927, 0.7990379476215927, 0.7573490112239444, 0.7755211117049706, 0.7696419027258151, 0.7300908605024051, 0.7466595403527525, 0.564404061998931, 0.6675574559059326, 0.3099946552645644, 0.36771779796900056, 0.6878674505611972, 0.6269374665954035, 0.4922501336183859, 0.5227151256012827, 0.6146445750935329] 
