100 [0.85] 
150 [0.7333333333333333] 
200 [0.825] 
250 [0.804] 
300 [0.85] 
350 [0.82] 
400 [0.835] 
450 [0.8577777777777778] 
500 [0.832] 
550 [0.7836363636363637] 
600 [0.6716666666666666] 
650 [0.7138461538461538] 
700 [0.8342857142857143] 
750 [0.7466666666666667] 
800 [0.69875] 
850 [0.7070588235294117] 
900 [0.8188888888888889] 
950 [0.76] 
1000 [0.701] 
1050 [0.7971428571428572] 
1100 [0.7463636363636363] 
1150 [0.7930434782608695] 
1200 [0.6841666666666667] 
1250 [0.6448] 
1300 [0.6853846153846154] 
1350 [0.7814814814814814] 
1400 [0.6992857142857143] 
1450 [0.6958620689655173] 
1500 [0.6653333333333333] 
1550 [0.7064516129032258] 
1600 [0.694375] 
1650 [0.7006060606060606] 
1700 [0.7717647058823529] 
1750 [0.6897142857142857] 
1800 [0.6811111111111111] 
1850 [0.6789189189189189] 
1900 [0.672367717797969] 


100 [0.86] 
100 [0.91] 
100 [0.89] 
100 [0.89] 
100 [0.95] 
100 [0.92] 
850 [0.78] 
1000 [0.792] 
1400 [0.8242857142857143] 
1700 [0.8211764705882353] 
1100 [0.7445454545454545] 
----------------------
100 [0.83] 
150 [0.7666666666666667] 
200 [0.47] 
250 [0.544] 
300 [0.56] 
350 [0.56] 
400 [0.525] 
450 [0.5177777777777778] 
500 [0.51] 



100 [0.57] 
150 [0.54] 
200 [0.555] 
250 [0.432] 
300 [0.5833333333333334] 
350 [0.5314285714285715] 
400 [0.52] 
450 [0.4777777777777778] 
500 [0.494] 
600 [0.5099206349206349, 0.4801587301587302, 0.46825396825396826, 0.5218253968253969, 0.49206349206349204, 0.5178571428571429, 0.5436507936507936, 0.5337301587301587, 0.5456349206349206, 0.5595238095238095, 0.5753968253968254, 0.5714285714285714, 0.5694444444444444, 0.5694444444444444, 0.5714285714285714, 0.5714285714285714, 0.5555555555555556, 0.11706349206349206, 0.11507936507936507] 
600 [0.49206349206349204] 
800 [0.695] 
800 [0.695] 
800 [0.695] 
800 [0.69625] 
800 [0.69625] 
800 [0.69625] 
800 [0.69625, 0.69625, 0.69625] 
